distribution:  SHARP
sun elevation: 45
sun azimuth:   335
sample points: 300

Format of sample points: azimuth,elevation,weight (weights sum to 1.0)

335,45,0.00105344
334,44,0.00100729
336,44,0.000986172
333,45,0.00100283
337,45,0.000958755
336,47,0.000942757
334,47,0.000933673
332,44,0.000894769
335,42,0.000848294
338,44,0.000840536
333,42,0.000809922
337,42,0.000776863
332,47,0.000799688
338,47,0.00082282
331,45,0.000829038
335,48,0.000749903
339,45,0.000759514
337,48,0.00070133
331,42,0.000677892
340,44,0.00062915
330,44,0.000695443
333,48,0.000693683
340,47,0.000625748
337,41,0.000587583
333,41,0.000576149
339,42,0.00062523
330,47,0.000597964
329,45,0.000601653
335,41,0.000619087
341,45,0.000531467
331,48,0.000558212
339,48,0.000570138
336,50,0.000520771
329,42,0.000503348
333,50,0.000504012
339,41,0.000494502
341,42,0.000449283
328,44,0.000481133
338,50,0.000468081
331,41,0.000476164
336,40,0.000403961
342,47,0.000423835
342,44,0.000422845
331,50,0.000425748
341,48,0.00041022
327,47,0.000400083
340,50,0.000370229
327,45,0.000393603
334,40,0.000401595
338,40,0.000364459
341,41,0.000374644
328,48,0.000398392
336,51,0.000327288
327,42,0.000340955
334,51,0.000330861
329,50,0.00032023
344,45,0.00033988
332,40,0.000358326
329,41,0.00035559
343,42,0.000298555
326,44,0.00030786
332,51,0.000295486
339,51,0.000286515
330,40,0.000290779
340,40,0.00029843
344,48,0.000272186
337,38,0.000244775
333,38,0.00024398
344,47,0.00026828
325,47,0.000252499
344,44,0.000267566
329,51,0.00023774
342,50,0.000266061
325,45,0.000245404
327,41,0.000248836
342,41,0.000264047
335,38,0.00025531
326,48,0.000263328
337,52,0.000201077
332,52,0.000198048
326,42,0.000222629
335,52,0.000209567
324,44,0.000195833
341,51,0.000227288
327,50,0.000224315
346,45,0.000212582
328,40,0.000221097
341,40,0.000228027
339,38,0.000216523
331,38,0.000215228
332,37,0.000152421
335,37,0.000165291
345,42,0.000195808
337,37,0.000158216
334,37,0.000163066
323,47,0.000164568
346,47,0.000172942
340,52,0.000176848
330,52,0.00017226
346,44,0.00017318
343,51,0.000171734
327,51,0.000180294
344,50,0.000184774
324,50,0.000157841
323,45,0.000159969
327,40,0.000165507
343,40,0.000170492
344,41,0.000183428
325,41,0.000173556
329,38,0.000179332
340,38,0.000180705
324,48,0.000174292
346,48,0.000179615
332,55,0.00128673
337,55,0.00153311
326,37,0.00230801
348,41,0.000927795
350,45,0.00130305
340,35,0.00116835
348,51,0.00136373
343,54,0.00164615
322,42,0.000623494
323,40,0.00171997
343,37,0.00120896
323,51,0.00199213
325,52,0.00100152
328,54,0.000899731
320,44,0.00216922
347,40,0.00144131
349,50,0.00126572
336,35,0.000561105
344,52,0.000307403
344,38,0.000539353
333,35,0.000697609
349,42,0.00124194
338,54,0.0001582
326,38,0.000262436
333,54,0.000140022
324,42,0.000152437
347,42,0.000138375
339,37,0.00014456
330,37,0.000163973
328,37,0.000296283
341,37,0.000146609
349,47,0.000300173
321,47,0.00120779
342,52,0.000147774
328,52,0.000147462
336,54,0.000141973
341,54,0.000263163
331,54,0.000136609
348,44,0.000163021
322,44,0.000136404
346,51,0.00014974
325,51,0.000140282
335,35,0.000630027
331,35,0.001834
338,35,0.000504728
334,55,0.0005703
322,50,0.000789699
347,50,0.000135073
321,45,0.00030671
348,45,0.000143641
325,40,0.000157844
345,40,0.000155385
323,41,0.000167669
346,41,0.00013528
342,38,0.000147673
328,38,0.000146538
348,48,0.000176571
322,48,0.00034261
201,35,0.00722604
87,21,0.0069071
122,70,0.00753776
143,18,0.00750314
36,12,0.0066581
260,28,0.00825283
53,48,0.00769949
242,65,0.00745966
296,9,0.00834096
179,1,0.00434649
244,1,0.00374454
161,45,0.00708016
116,40,0.00614994
332,8,0.00797554
229,24,0.00817286
29,73,0.0088473
281,48,0.00828167
22,35,0.00833317
59,24,0.00836958
270,5,0.00680165
206,11,0.0102682
113,15,0.00861344
169,22,0.00687916
193,58,0.0072435
86,45,0.00660072
3,21,0.00688969
227,45,0.00700407
298,31,0.00618431
301,74,0.00686877
133,1,0.00362909
315,19,0.00701386
193,81,0.0067752
225,5,0.00658689
20,54,0.00835275
139,37,0.00555447
17,8,0.00881448
76,64,0.00868259
189,18,0.00802019
280,21,0.00779381
254,47,0.00843494
159,8,0.008612
137,54,0.00678603
43,32,0.00815707
346,17,0.00700655
246,18,0.00943112
106,55,0.00746814
181,37,0.00626786
78,7,0.00817313
127,24,0.00602705
162,64,0.00947529
52,9,0.00892049
104,2,0.00546534
101,30,0.00632307
75,32,0.00757981
242,34,0.00922771
300,58,0.00805124
213,25,0.00682158
154,30,0.00754785
23,21,0.00753697
5,35,0.0066009
256,8,0.00837386
83,80,0.00867659
273,61,0.00964911
275,35,0.00730296
344,70,0.00687841
193,5,0.00763969
208,48,0.00673502
120,4,0.00608677
47,61,0.009019
146,5,0.00681078
67,12,0.00992285
300,44,0.00779749
331,21,0.00774034
345,4,0.00617142
92,8,0.00810225
60,37,0.00824985
34,44,0.00822341
217,60,0.00694853
346,84,0.00742021
31,1,0.00420907
265,17,0.0078733
173,11,0.00887514
45,19,0.00657331
236,11,0.00677389
130,12,0.00750564
178,50,0.0071381
70,51,0.0074569
282,9,0.00874198
202,70,0.00744639
302,19,0.00590734
313,31,0.00758058
99,18,0.00699972
215,37,0.006177
353,28,0.00624723
201,22,0.00722063
101,41,0.00657233
115,28,0.00628326
75,21,0.00692624
219,15,0.00723211
357,11,0.007099
307,9,0.00792211
257,77,0.00731647
89,32,0.00615601
240,54,0.00721146
2,61,0.00704018
320,8,0.00785278
5,47,0.00675099
167,35,0.00646946
34,24,0.00609181
192,44,0.00588618
158,19,0.00653202
287,38,0.00605394
291,22,0.006219
12,27,0.00607849
153,74,0.00617094
128,44,0.00594568
318,65,0.00566437
183,27,0.00702578
262,38,0.00636896
229,35,0.00587888
126,34,0.00468426
88,55,0.00539663
147,45,0.00610354
43,5,0.00472405
138,27,0.00556243
340,25,0.0049877
6,7,0.00655467
123,60,0.00590698
234,1,0.00238866
